time,start,end,motion-pattern
5.58,0,5.58,init
6.8,5.59,12.38,stand
38.45,12.39,50.83,walk
7.46,50.84,58.29,down
10.29,58.3,68.58,walk
8.06,68.59,76.64,down
14.69,76.65,91.33,walk
9.11,91.34,100.44,up
6.16,100.45,106.6,walk
10.08,106.61,116.68,up
23.63,116.69,140.31,walk
