﻿time(s),start,end,motion-pattern
2.92,0,2.92,init
7.47,2.93,10.4,stand
33.41,10.41,43.82,walk
7.24,43.83,51.07,down
9.22,51.08,60.3,walk
7.28,60.31,67.59,down
14.23,67.6,81.83,walk
7.47,81.84,89.31,up
6.14,89.32,95.46,walk
8.24,95.47,103.71,up
21.05,103.72,124.77,walk
