﻿time(s),start,end,motion-pattern
3,0,3,init
8.56,3,11.56,stand
35.76,11.56,47.32,walk
7.76,47.32,55.08,down
9.59,55.08,64.67,walk
8.51,64.67,73.18,down
14.04,73.18,87.22,walk
9.15,87.22,96.37,up
5.54,96.37,101.91,walk
9.22,101.91,111.13,up
20.97,111.13,132.1,walk
